fold: 2
scores: [1.579411506652832, 0.5221714377403259]
scores with original testdata: [2.525859832763672, 0.47021484375]
f1_scores:
              precision    recall  f1-score   support

           0      0.306     0.662     0.419       875
           1      0.493     0.559     0.524       875
           2      0.912     0.320     0.474       875
           3      0.401     0.514     0.451       875
           4      0.366     0.582     0.449       875
           5      0.619     0.561     0.589       875
           6      0.801     0.560     0.659       875
           7      0.654     0.303     0.414       875
           8      0.779     0.466     0.583       875
           9      0.849     0.695     0.764       875

    accuracy                          0.522      8750
   macro avg      0.618     0.522     0.533      8750
weighted avg      0.618     0.522     0.533      8750

f1_scores with original testdata:
              precision    recall  f1-score   support

           0      0.415     0.632     0.501       843
           1      0.500     0.450     0.474       269
           2      0.812     0.144     0.245       180
           3      0.402     0.287     0.335       652
           4      0.359     0.568     0.440       766
           5      0.558     0.668     0.608       202
           6      0.960     0.426     0.590       502
           7      0.625     0.234     0.341       235
           8      0.957     0.510     0.665       306
           9      0.444     0.454     0.449       141

    accuracy                          0.470      4096
   macro avg      0.603     0.437     0.465      4096
weighted avg      0.553     0.470     0.468      4096

