fold: 4
scores: [0.09694015234708786, 0.9673143029212952]
scores with original testdata: [2.345611810684204, 0.7353515625]
f1_scores:
              precision    recall  f1-score   support

           0      0.958     0.902     0.929       875
           1      0.992     0.998     0.995       875
           2      0.975     0.995     0.985       875
           3      0.947     0.941     0.944       875
           4      0.931     0.929     0.930       875
           5      0.917     0.949     0.933       875
           6      0.982     0.995     0.989       875
           7      0.991     0.973     0.982       875
           8      0.991     0.994     0.993       875
           9      0.990     0.998     0.994       875

    accuracy                          0.967      8750
   macro avg      0.967     0.967     0.967      8750
weighted avg      0.967     0.967     0.967      8750

f1_scores with original testdata:
              precision    recall  f1-score   support

           0      0.690     0.727     0.708       843
           1      0.843     0.699     0.764       269
           2      0.734     0.844     0.786       180
           3      0.708     0.555     0.623       652
           4      0.687     0.843     0.757       766
           5      0.730     0.842     0.782       202
           6      0.971     0.608     0.748       502
           7      0.892     0.600     0.718       235
           8      0.958     0.971     0.964       306
           9      0.445     0.979     0.612       141

    accuracy                          0.735      4096
   macro avg      0.766     0.767     0.746      4096
weighted avg      0.764     0.735     0.735      4096

