new scores: [0.09037212580442429, 0.971291434764862]
old scores: [2.4649580478668214, 0.743115234375]
new f1 scores:
              precision    recall  f1-score   support

           0      0.967     0.931     0.949      4375
           1      0.992     0.997     0.995      4375
           2      0.983     0.992     0.987      4375
           3      0.950     0.947     0.948      4375
           4      0.944     0.930     0.937      4375
           5      0.935     0.953     0.944      4375
           6      0.973     0.989     0.981      4375
           7      0.988     0.980     0.984      4375
           8      0.990     0.997     0.993      4375
           9      0.990     0.997     0.994      4375

    accuracy                          0.971     43750
   macro avg      0.971     0.971     0.971     43750
weighted avg      0.971     0.971     0.971     43750

old f1 scores:
              precision    recall  f1-score   support

           0      0.708     0.760     0.733      4215
           1      0.791     0.707     0.746      1345
           2      0.812     0.886     0.847       900
           3      0.715     0.607     0.656      3260
           4      0.700     0.823     0.757      3830
           5      0.732     0.821     0.774      1010
           6      0.976     0.580     0.728      2510
           7      0.884     0.597     0.712      1175
           8      0.936     0.959     0.947      1530
           9      0.452     0.972     0.617       705

    accuracy                          0.743     20480
   macro avg      0.770     0.771     0.752     20480
weighted avg      0.770     0.743     0.743     20480

