fold: 2
scores: [1.051383376121521, 0.6281142830848694]
scores with original testdata: [1.3791741132736206, 0.501708984375]
f1_scores:
              precision    recall  f1-score   support

           0      0.551     0.344     0.424       875
           1      0.790     0.825     0.807       875
           2      0.618     0.657     0.637       875
           3      0.525     0.435     0.476       875
           4      0.542     0.378     0.445       875
           5      0.485     0.711     0.576       875
           6      0.749     0.842     0.793       875
           7      0.556     0.594     0.575       875
           8      0.667     0.814     0.733       875
           9      0.790     0.680     0.731       875

    accuracy                          0.628      8750
   macro avg      0.627     0.628     0.620      8750
weighted avg      0.627     0.628     0.620      8750

f1_scores with original testdata:
              precision    recall  f1-score   support

           0      0.632     0.402     0.492       843
           1      0.461     0.643     0.537       269
           2      0.608     0.706     0.653       180
           3      0.533     0.434     0.478       652
           4      0.419     0.326     0.367       766
           5      0.227     0.609     0.331       202
           6      0.904     0.564     0.694       502
           7      0.422     0.311     0.358       235
           8      0.633     0.895     0.742       306
           9      0.336     0.922     0.492       141

    accuracy                          0.502      4096
   macro avg      0.517     0.581     0.514      4096
weighted avg      0.555     0.502     0.504      4096

