fold: 1
scores: [0.12841348350048065, 0.9596571326255798]
scores with original testdata: [1.963154911994934, 0.733154296875]
f1_scores:
              precision    recall  f1-score   support

           0      0.942     0.914     0.928       875
           1      0.982     0.994     0.988       875
           2      0.973     0.993     0.983       875
           3      0.918     0.928     0.923       875
           4      0.929     0.893     0.910       875
           5      0.927     0.951     0.939       875
           6      0.965     0.981     0.973       875
           7      0.983     0.967     0.975       875
           8      0.986     0.984     0.985       875
           9      0.992     0.992     0.992       875

    accuracy                          0.960      8750
   macro avg      0.960     0.960     0.960      8750
weighted avg      0.960     0.960     0.960      8750

f1_scores with original testdata:
              precision    recall  f1-score   support

           0      0.682     0.789     0.732       843
           1      0.668     0.703     0.685       269
           2      0.782     0.856     0.817       180
           3      0.781     0.595     0.675       652
           4      0.716     0.778     0.746       766
           5      0.693     0.871     0.772       202
           6      0.980     0.572     0.722       502
           7      0.781     0.532     0.633       235
           8      0.917     0.935     0.926       306
           9      0.468     0.972     0.631       141

    accuracy                          0.733      4096
   macro avg      0.747     0.760     0.734      4096
weighted avg      0.760     0.733     0.732      4096

