fold: 0
scores: [0.0868464857339859, 0.972000002861023]
scores with original testdata: [2.666372537612915, 0.7421875]
f1_scores:
              precision    recall  f1-score   support

           0      0.965     0.946     0.956       875
           1      0.991     1.000     0.995       875
           2      0.984     0.990     0.987       875
           3      0.956     0.953     0.955       875
           4      0.955     0.922     0.938       875
           5      0.926     0.955     0.940       875
           6      0.979     0.983     0.981       875
           7      0.987     0.976     0.982       875
           8      0.989     0.997     0.993       875
           9      0.988     0.998     0.993       875

    accuracy                          0.972      8750
   macro avg      0.972     0.972     0.972      8750
weighted avg      0.972     0.972     0.972      8750

f1_scores with original testdata:
              precision    recall  f1-score   support

           0      0.737     0.782     0.759       843
           1      0.729     0.710     0.719       269
           2      0.853     0.900     0.876       180
           3      0.723     0.580     0.643       652
           4      0.688     0.830     0.752       766
           5      0.755     0.807     0.780       202
           6      0.966     0.572     0.718       502
           7      0.879     0.587     0.704       235
           8      0.954     0.944     0.949       306
           9      0.416     0.972     0.583       141

    accuracy                          0.742      4096
   macro avg      0.770     0.768     0.748      4096
weighted avg      0.772     0.742     0.743      4096

