fold: 1
scores: [0.700286865234375, 0.7487999796867371]
scores with original testdata: [1.7437187433242798, 0.559326171875]
f1_scores:
              precision    recall  f1-score   support

           0      0.633     0.623     0.628       875
           1      0.735     0.952     0.830       875
           2      0.903     0.747     0.818       875
           3      0.663     0.534     0.592       875
           4      0.540     0.719     0.617       875
           5      0.627     0.707     0.665       875
           6      0.927     0.826     0.874       875
           7      0.856     0.714     0.779       875
           8      0.872     0.734     0.797       875
           9      0.876     0.931     0.903       875

    accuracy                          0.749      8750
   macro avg      0.763     0.749     0.750      8750
weighted avg      0.763     0.749     0.750      8750

f1_scores with original testdata:
              precision    recall  f1-score   support

           0      0.562     0.405     0.470       843
           1      0.500     0.706     0.586       269
           2      0.915     0.478     0.628       180
           3      0.668     0.391     0.493       652
           4      0.460     0.753     0.571       766
           5      0.448     0.802     0.574       202
           6      0.875     0.500     0.636       502
           7      0.580     0.294     0.390       235
           8      0.861     0.810     0.835       306
           9      0.348     0.794     0.484       141

    accuracy                          0.559      4096
   macro avg      0.621     0.593     0.567      4096
weighted avg      0.620     0.559     0.556      4096

