fold: 4
scores: [0.9191495180130005, 0.6808000206947327]
scores with original testdata: [1.5390514135360718, 0.5]
f1_scores:
              precision    recall  f1-score   support

           0      0.685     0.530     0.598       875
           1      0.606     0.880     0.718       875
           2      0.707     0.570     0.631       875
           3      0.791     0.445     0.569       875
           4      0.515     0.741     0.607       875
           5      0.646     0.870     0.741       875
           6      0.850     0.743     0.793       875
           7      0.634     0.466     0.537       875
           8      0.799     0.667     0.727       875
           9      0.763     0.896     0.824       875

    accuracy                          0.681      8750
   macro avg      0.699     0.681     0.675      8750
weighted avg      0.699     0.681     0.675      8750

f1_scores with original testdata:
              precision    recall  f1-score   support

           0      0.535     0.378     0.443       843
           1      0.463     0.699     0.557       269
           2      0.691     0.261     0.379       180
           3      0.727     0.273     0.397       652
           4      0.423     0.728     0.535       766
           5      0.391     0.861     0.538       202
           6      0.957     0.400     0.565       502
           7      0.204     0.085     0.120       235
           8      0.776     0.869     0.820       306
           9      0.265     0.688     0.383       141

    accuracy                          0.500      4096
   macro avg      0.543     0.524     0.474      4096
weighted avg      0.581     0.500     0.485      4096

