fold: 3
scores: [0.08871841430664062, 0.9718857407569885]
scores with original testdata: [2.0373737812042236, 0.748291015625]
f1_scores:
              precision    recall  f1-score   support

           0      0.979     0.923     0.951       875
           1      0.995     0.995     0.995       875
           2      0.982     0.998     0.990       875
           3      0.929     0.958     0.943       875
           4      0.956     0.934     0.945       875
           5      0.937     0.950     0.943       875
           6      0.968     0.989     0.978       875
           7      0.991     0.979     0.985       875
           8      0.997     0.997     0.997       875
           9      0.988     0.997     0.992       875

    accuracy                          0.972      8750
   macro avg      0.972     0.972     0.972      8750
weighted avg      0.972     0.972     0.972      8750

f1_scores with original testdata:
              precision    recall  f1-score   support

           0      0.693     0.754     0.722       843
           1      0.821     0.717     0.766       269
           2      0.805     0.894     0.847       180
           3      0.718     0.640     0.676       652
           4      0.719     0.826     0.769       766
           5      0.761     0.708     0.733       202
           6      0.968     0.606     0.745       502
           7      0.917     0.613     0.735       235
           8      0.936     0.961     0.948       306
           9      0.455     0.993     0.624       141

    accuracy                          0.748      4096
   macro avg      0.779     0.771     0.757      4096
weighted avg      0.775     0.748     0.750      4096

