fold: 3
scores: [2.3026187419891357, 0.10000000149011612]
scores with original testdata: [2.301795244216919, 0.205810546875]
f1_scores:
              precision    recall  f1-score   support

           0      0.100     1.000     0.182       875
           1      0.000     0.000     0.000       875
           2      0.000     0.000     0.000       875
           3      0.000     0.000     0.000       875
           4      0.000     0.000     0.000       875
           5      0.000     0.000     0.000       875
           6      0.000     0.000     0.000       875
           7      0.000     0.000     0.000       875
           8      0.000     0.000     0.000       875
           9      0.000     0.000     0.000       875

    accuracy                          0.100      8750
   macro avg      0.010     0.100     0.018      8750
weighted avg      0.010     0.100     0.018      8750

f1_scores with original testdata:
              precision    recall  f1-score   support

           0      0.206     1.000     0.341       843
           1      0.000     0.000     0.000       269
           2      0.000     0.000     0.000       180
           3      0.000     0.000     0.000       652
           4      0.000     0.000     0.000       766
           5      0.000     0.000     0.000       202
           6      0.000     0.000     0.000       502
           7      0.000     0.000     0.000       235
           8      0.000     0.000     0.000       306
           9      0.000     0.000     0.000       141

    accuracy                          0.206      4096
   macro avg      0.021     0.100     0.034      4096
weighted avg      0.042     0.206     0.070      4096

