fold: 1
scores: [0.20402780175209045, 0.9265142679214478]
scores with original testdata: [2.2240984439849854, 0.7080078125]
f1_scores:
              precision    recall  f1-score   support

           0      0.894     0.798     0.843       875
           1      0.990     0.984     0.987       875
           2      0.952     0.989     0.970       875
           3      0.883     0.842     0.862       875
           4      0.892     0.811     0.850       875
           5      0.825     0.937     0.877       875
           6      0.926     0.984     0.954       875
           7      0.973     0.944     0.958       875
           8      0.965     0.985     0.975       875
           9      0.971     0.991     0.981       875

    accuracy                          0.927      8750
   macro avg      0.927     0.927     0.926      8750
weighted avg      0.927     0.927     0.926      8750

f1_scores with original testdata:
              precision    recall  f1-score   support

           0      0.650     0.726     0.686       843
           1      0.822     0.688     0.749       269
           2      0.780     0.828     0.803       180
           3      0.714     0.548     0.620       652
           4      0.669     0.723     0.695       766
           5      0.595     0.896     0.715       202
           6      0.976     0.570     0.719       502
           7      0.841     0.651     0.734       235
           8      0.915     0.948     0.931       306
           9      0.424     0.943     0.585       141

    accuracy                          0.708      4096
   macro avg      0.739     0.752     0.724      4096
weighted avg      0.741     0.708     0.710      4096

