fold: 1
scores: [1.018976092338562, 0.6307428479194641]
scores with original testdata: [1.360740065574646, 0.504150390625]
f1_scores:
              precision    recall  f1-score   support

           0      0.523     0.336     0.409       875
           1      0.728     0.903     0.806       875
           2      0.681     0.485     0.566       875
           3      0.560     0.409     0.473       875
           4      0.463     0.514     0.488       875
           5      0.535     0.608     0.569       875
           6      0.748     0.811     0.779       875
           7      0.542     0.653     0.592       875
           8      0.754     0.822     0.787       875
           9      0.730     0.767     0.748       875

    accuracy                          0.631      8750
   macro avg      0.626     0.631     0.622      8750
weighted avg      0.626     0.631     0.622      8750

f1_scores with original testdata:
              precision    recall  f1-score   support

           0      0.768     0.382     0.510       843
           1      0.466     0.695     0.558       269
           2      0.853     0.483     0.617       180
           3      0.477     0.380     0.423       652
           4      0.394     0.445     0.418       766
           5      0.276     0.465     0.347       202
           6      0.852     0.564     0.679       502
           7      0.545     0.387     0.453       235
           8      0.636     0.889     0.741       306
           9      0.269     0.993     0.423       141

    accuracy                          0.504      4096
   macro avg      0.554     0.568     0.517      4096
weighted avg      0.582     0.504     0.511      4096

