fold: 0
scores: [0.11063230782747269, 0.9631999731063843]
scores with original testdata: [2.232419967651367, 0.723388671875]
f1_scores:
              precision    recall  f1-score   support

           0      0.955     0.896     0.925       875
           1      0.995     0.997     0.996       875
           2      0.983     0.991     0.987       875
           3      0.927     0.925     0.926       875
           4      0.942     0.909     0.925       875
           5      0.894     0.954     0.923       875
           6      0.983     0.990     0.986       875
           7      0.985     0.978     0.982       875
           8      0.990     0.994     0.992       875
           9      0.981     0.999     0.990       875

    accuracy                          0.963      8750
   macro avg      0.963     0.963     0.963      8750
weighted avg      0.963     0.963     0.963      8750

f1_scores with original testdata:
              precision    recall  f1-score   support

           0      0.698     0.688     0.693       843
           1      0.790     0.729     0.758       269
           2      0.717     0.917     0.805       180
           3      0.677     0.601     0.637       652
           4      0.678     0.787     0.729       766
           5      0.663     0.837     0.740       202
           6      0.959     0.600     0.738       502
           7      0.920     0.540     0.681       235
           8      0.939     0.951     0.945       306
           9      0.460     0.986     0.628       141

    accuracy                          0.723      4096
   macro avg      0.750     0.764     0.735      4096
weighted avg      0.751     0.723     0.724      4096

