new scores: [0.13608826398849488, 0.9602514266967773]
old scores: [2.372426223754883, 0.71572265625]
new f1 scores:
              precision    recall  f1-score   support

           0      0.948     0.920     0.934      4375
           1      0.991     0.980     0.985      4375
           2      0.965     0.977     0.971      4375
           3      0.932     0.943     0.937      4375
           4      0.941     0.917     0.929      4375
           5      0.922     0.936     0.929      4375
           6      0.974     0.987     0.980      4375
           7      0.956     0.965     0.961      4375
           8      0.983     0.983     0.983      4375
           9      0.992     0.994     0.993      4375

    accuracy                          0.960     43750
   macro avg      0.960     0.960     0.960     43750
weighted avg      0.960     0.960     0.960     43750

old f1 scores:
              precision    recall  f1-score   support

           0      0.692     0.705     0.698      4215
           1      0.787     0.721     0.753      1345
           2      0.882     0.746     0.808       900
           3      0.645     0.610     0.627      3260
           4      0.664     0.783     0.718      3830
           5      0.619     0.806     0.700      1010
           6      0.975     0.601     0.743      2510
           7      0.707     0.603     0.650      1175
           8      0.915     0.942     0.928      1530
           9      0.510     0.831     0.632       705

    accuracy                          0.716     20480
   macro avg      0.739     0.735     0.726     20480
weighted avg      0.736     0.716     0.717     20480

new_5_fold_accuracies: [0.9628571271896362, 0.9587428569793701, 0.9628571271896362, 0.9574857354164124, 0.9593142867088318]
old_5_fold_accuracies: [0.726806640625, 0.713134765625, 0.70458984375, 0.721435546875, 0.712646484375]
