new scores: [0.20112760365009308, 0.9321828484535217]
old scores: [2.1380163192749024, 0.693408203125]
new f1 scores:
              precision    recall  f1-score   support

           0      0.907     0.874     0.890      4375
           1      0.980     0.952     0.966      4375
           2      0.941     0.954     0.948      4375
           3      0.883     0.895     0.889      4375
           4      0.917     0.861     0.888      4375
           5      0.873     0.918     0.895      4375
           6      0.967     0.974     0.970      4375
           7      0.913     0.927     0.920      4375
           8      0.965     0.973     0.969      4375
           9      0.978     0.993     0.985      4375

    accuracy                          0.932     43750
   macro avg      0.932     0.932     0.932     43750
weighted avg      0.932     0.932     0.932     43750

old f1 scores:
              precision    recall  f1-score   support

           0      0.678     0.702     0.690      4215
           1      0.786     0.679     0.728      1345
           2      0.902     0.716     0.798       900
           3      0.638     0.610     0.623      3260
           4      0.637     0.723     0.678      3830
           5      0.562     0.758     0.645      1010
           6      0.977     0.591     0.736      2510
           7      0.676     0.587     0.628      1175
           8      0.885     0.908     0.896      1530
           9      0.460     0.851     0.597       705

    accuracy                          0.693     20480
   macro avg      0.720     0.712     0.702     20480
weighted avg      0.720     0.693     0.696     20480

