fold: 0
scores: [0.16787654161453247, 0.944685697555542]
scores with original testdata: [1.9908159971237183, 0.7109375]
f1_scores:
              precision    recall  f1-score   support

           0      0.914     0.878     0.896       875
           1      0.991     0.997     0.994       875
           2      0.981     0.978     0.979       875
           3      0.906     0.862     0.883       875
           4      0.894     0.895     0.894       875
           5      0.873     0.906     0.890       875
           6      0.973     0.973     0.973       875
           7      0.974     0.971     0.973       875
           8      0.970     0.991     0.980       875
           9      0.970     0.997     0.983       875

    accuracy                          0.945      8750
   macro avg      0.945     0.945     0.944      8750
weighted avg      0.945     0.945     0.944      8750

f1_scores with original testdata:
              precision    recall  f1-score   support

           0      0.677     0.706     0.691       843
           1      0.778     0.703     0.738       269
           2      0.750     0.833     0.789       180
           3      0.680     0.541     0.603       652
           4      0.656     0.773     0.710       766
           5      0.657     0.827     0.732       202
           6      0.993     0.584     0.735       502
           7      0.831     0.587     0.688       235
           8      0.934     0.967     0.950       306
           9      0.433     0.986     0.602       141

    accuracy                          0.711      4096
   macro avg      0.739     0.751     0.724      4096
weighted avg      0.741     0.711     0.712      4096

