fold: 4
scores: [0.0919366180896759, 0.9721142649650574]
scores with original testdata: [2.483269691467285, 0.73291015625]
f1_scores:
              precision    recall  f1-score   support

           0      0.959     0.936     0.947       875
           1      0.989     0.999     0.994       875
           2      0.987     0.985     0.986       875
           3      0.967     0.941     0.954       875
           4      0.943     0.933     0.938       875
           5      0.929     0.958     0.943       875
           6      0.979     0.993     0.986       875
           7      0.984     0.985     0.985       875
           8      0.990     0.995     0.993       875
           9      0.994     0.997     0.995       875

    accuracy                          0.972      8750
   macro avg      0.972     0.972     0.972      8750
weighted avg      0.972     0.972     0.972      8750

f1_scores with original testdata:
              precision    recall  f1-score   support

           0      0.726     0.738     0.732       843
           1      0.754     0.706     0.729       269
           2      0.798     0.878     0.836       180
           3      0.680     0.600     0.637       652
           4      0.682     0.816     0.743       766
           5      0.692     0.856     0.765       202
           6      0.976     0.558     0.710       502
           7      0.899     0.570     0.698       235
           8      0.926     0.944     0.935       306
           9      0.467     0.993     0.635       141

    accuracy                          0.733      4096
   macro avg      0.760     0.766     0.742      4096
weighted avg      0.760     0.733     0.732      4096

