fold: 4
scores: [1.0568549633026123, 0.618399977684021]
scores with original testdata: [1.4354935884475708, 0.50830078125]
f1_scores:
              precision    recall  f1-score   support

           0      0.569     0.354     0.437       875
           1      0.867     0.728     0.791       875
           2      0.659     0.664     0.662       875
           3      0.418     0.639     0.506       875
           4      0.573     0.227     0.326       875
           5      0.526     0.659     0.585       875
           6      0.716     0.877     0.788       875
           7      0.632     0.377     0.472       875
           8      0.622     0.864     0.723       875
           9      0.694     0.794     0.741       875

    accuracy                          0.618      8750
   macro avg      0.628     0.618     0.603      8750
weighted avg      0.628     0.618     0.603      8750

f1_scores with original testdata:
              precision    recall  f1-score   support

           0      0.640     0.533     0.581       843
           1      0.573     0.625     0.598       269
           2      0.711     0.750     0.730       180
           3      0.386     0.548     0.453       652
           4      0.418     0.174     0.245       766
           5      0.304     0.530     0.386       202
           6      0.769     0.564     0.651       502
           7      0.594     0.255     0.357       235
           8      0.655     0.837     0.735       306
           9      0.294     0.950     0.449       141

    accuracy                          0.508      4096
   macro avg      0.534     0.576     0.518      4096
weighted avg      0.543     0.508     0.499      4096

