fold: 2
scores: [0.0820809155702591, 0.9724571704864502]
scores with original testdata: [2.547804117202759, 0.751708984375]
f1_scores:
              precision    recall  f1-score   support

           0      0.968     0.939     0.954       875
           1      0.994     0.995     0.995       875
           2      0.982     0.992     0.987       875
           3      0.946     0.947     0.947       875
           4      0.945     0.931     0.938       875
           5      0.946     0.942     0.944       875
           6      0.969     0.995     0.982       875
           7      0.990     0.982     0.986       875
           8      0.992     1.000     0.996       875
           9      0.991     1.000     0.995       875

    accuracy                          0.972      8750
   macro avg      0.972     0.972     0.972      8750
weighted avg      0.972     0.972     0.972      8750

f1_scores with original testdata:
              precision    recall  f1-score   support

           0      0.681     0.771     0.723       843
           1      0.858     0.699     0.770       269
           2      0.854     0.911     0.882       180
           3      0.770     0.643     0.701       652
           4      0.720     0.815     0.764       766
           5      0.700     0.822     0.756       202
           6      0.990     0.588     0.737       502
           7      0.863     0.643     0.737       235
           8      0.927     0.948     0.937       306
           9      0.444     0.936     0.603       141

    accuracy                          0.752      4096
   macro avg      0.781     0.777     0.761      4096
weighted avg      0.781     0.752     0.753      4096

