fold: 3
scores: [0.11124704033136368, 0.9630857110023499]
scores with original testdata: [2.2235453128814697, 0.734375]
f1_scores:
              precision    recall  f1-score   support

           0      0.931     0.930     0.931       875
           1      0.992     1.000     0.996       875
           2      0.983     0.993     0.988       875
           3      0.941     0.907     0.924       875
           4      0.960     0.895     0.926       875
           5      0.902     0.950     0.925       875
           6      0.968     0.983     0.976       875
           7      0.986     0.984     0.985       875
           8      0.988     0.994     0.991       875
           9      0.981     0.994     0.988       875

    accuracy                          0.963      8750
   macro avg      0.963     0.963     0.963      8750
weighted avg      0.963     0.963     0.963      8750

f1_scores with original testdata:
              precision    recall  f1-score   support

           0      0.644     0.753     0.694       843
           1      0.836     0.703     0.764       269
           2      0.844     0.844     0.844       180
           3      0.719     0.617     0.664       652
           4      0.713     0.751     0.732       766
           5      0.761     0.851     0.804       202
           6      0.972     0.618     0.755       502
           7      0.834     0.600     0.698       235
           8      0.933     0.951     0.942       306
           9      0.450     1.000     0.621       141

    accuracy                          0.734      4096
   macro avg      0.771     0.769     0.752      4096
weighted avg      0.762     0.734     0.737      4096

