fold: 0
scores: [1.0573605298995972, 0.6230857372283936]
scores with original testdata: [1.3994596004486084, 0.503173828125]
f1_scores:
              precision    recall  f1-score   support

           0      0.586     0.312     0.407       875
           1      0.716     0.840     0.773       875
           2      0.613     0.745     0.673       875
           3      0.501     0.451     0.475       875
           4      0.443     0.357     0.395       875
           5      0.525     0.605     0.562       875
           6      0.759     0.856     0.805       875
           7      0.644     0.429     0.515       875
           8      0.614     0.894     0.728       875
           9      0.765     0.743     0.754       875

    accuracy                          0.623      8750
   macro avg      0.617     0.623     0.609      8750
weighted avg      0.617     0.623     0.609      8750

f1_scores with original testdata:
              precision    recall  f1-score   support

           0      0.778     0.512     0.618       843
           1      0.391     0.665     0.492       269
           2      0.638     0.733     0.682       180
           3      0.447     0.365     0.402       652
           4      0.410     0.351     0.378       766
           5      0.247     0.426     0.313       202
           6      0.855     0.564     0.679       502
           7      0.662     0.200     0.307       235
           8      0.574     0.859     0.688       306
           9      0.276     0.936     0.426       141

    accuracy                          0.503      4096
   macro avg      0.528     0.561     0.499      4096
weighted avg      0.569     0.503     0.507      4096

