new scores: [0.11202462613582612, 0.9630399942398071]
old scores: [2.2195552349090577, 0.732470703125]
new f1 scores:
              precision    recall  f1-score   support

           0      0.944     0.912     0.928      4375
           1      0.989     0.997     0.993      4375
           2      0.978     0.993     0.985      4375
           3      0.932     0.925     0.929      4375
           4      0.941     0.903     0.922      4375
           5      0.910     0.950     0.930      4375
           6      0.975     0.987     0.981      4375
           7      0.985     0.974     0.980      4375
           8      0.989     0.991     0.990      4375
           9      0.987     0.996     0.992      4375

    accuracy                          0.963     43750
   macro avg      0.963     0.963     0.963     43750
weighted avg      0.963     0.963     0.963     43750

old f1 scores:
              precision    recall  f1-score   support

           0      0.674     0.738     0.705      4215
           1      0.787     0.708     0.745      1345
           2      0.773     0.873     0.820       900
           3      0.709     0.588     0.643      3260
           4      0.699     0.795     0.744      3830
           5      0.718     0.858     0.782      1010
           6      0.971     0.597     0.740      2510
           7      0.871     0.570     0.689      1175
           8      0.935     0.955     0.945      1530
           9      0.464     0.984     0.630       705

    accuracy                          0.732     20480
   macro avg      0.760     0.767     0.744     20480
weighted avg      0.758     0.732     0.732     20480

new_5_fold_accuracies: [0.9631999731063843, 0.9596571326255798, 0.9619428515434265, 0.9630857110023499, 0.9673143029212952]
old_5_fold_accuracies: [0.723388671875, 0.733154296875, 0.736083984375, 0.734375, 0.7353515625]
