fold: 2
scores: [0.11289015412330627, 0.9619428515434265]
scores with original testdata: [2.3330445289611816, 0.736083984375]
f1_scores:
              precision    recall  f1-score   support

           0      0.936     0.919     0.927       875
           1      0.983     0.998     0.990       875
           2      0.974     0.992     0.983       875
           3      0.929     0.927     0.928       875
           4      0.942     0.891     0.916       875
           5      0.912     0.949     0.930       875
           6      0.975     0.989     0.982       875
           7      0.983     0.968     0.975       875
           8      0.992     0.989     0.990       875
           9      0.993     0.999     0.996       875

    accuracy                          0.962      8750
   macro avg      0.962     0.962     0.962      8750
weighted avg      0.962     0.962     0.962      8750

f1_scores with original testdata:
              precision    recall  f1-score   support

           0      0.662     0.733     0.696       843
           1      0.826     0.706     0.762       269
           2      0.803     0.906     0.851       180
           3      0.671     0.572     0.618       652
           4      0.702     0.815     0.754       766
           5      0.750     0.891     0.814       202
           6      0.977     0.590     0.735       502
           7      0.944     0.579     0.718       235
           8      0.931     0.967     0.949       306
           9      0.498     0.986     0.662       141

    accuracy                          0.736      4096
   macro avg      0.776     0.774     0.756      4096
weighted avg      0.761     0.736     0.735      4096

