fold: 0
scores: [0.8101101517677307, 0.7019428610801697]
scores with original testdata: [1.5645191669464111, 0.570068359375]
f1_scores:
              precision    recall  f1-score   support

           0      0.457     0.830     0.590       875
           1      0.949     0.617     0.748       875
           2      0.829     0.715     0.768       875
           3      0.675     0.385     0.491       875
           4      0.585     0.695     0.635       875
           5      0.753     0.669     0.708       875
           6      0.865     0.776     0.818       875
           7      0.578     0.781     0.664       875
           8      0.841     0.746     0.791       875
           9      0.904     0.806     0.852       875

    accuracy                          0.702      8750
   macro avg      0.744     0.702     0.706      8750
weighted avg      0.744     0.702     0.706      8750

f1_scores with original testdata:
              precision    recall  f1-score   support

           0      0.420     0.593     0.492       843
           1      0.879     0.457     0.601       269
           2      0.811     0.739     0.773       180
           3      0.559     0.189     0.282       652
           4      0.552     0.698     0.616       766
           5      0.477     0.614     0.537       202
           6      0.984     0.600     0.745       502
           7      0.517     0.523     0.520       235
           8      0.845     0.876     0.860       306
           9      0.362     0.745     0.487       141

    accuracy                          0.570      4096
   macro avg      0.640     0.603     0.591      4096
weighted avg      0.621     0.570     0.564      4096

