fold: 3
scores: [1.0687624216079712, 0.6164571642875671]
scores with original testdata: [1.3919297456741333, 0.501708984375]
f1_scores:
              precision    recall  f1-score   support

           0      0.488     0.413     0.447       875
           1      0.743     0.841     0.789       875
           2      0.677     0.683     0.680       875
           3      0.573     0.410     0.478       875
           4      0.471     0.315     0.378       875
           5      0.469     0.687     0.558       875
           6      0.665     0.853     0.747       875
           7      0.626     0.402     0.490       875
           8      0.706     0.811     0.755       875
           9      0.687     0.749     0.717       875

    accuracy                          0.616      8750
   macro avg      0.611     0.616     0.604      8750
weighted avg      0.611     0.616     0.604      8750

f1_scores with original testdata:
              precision    recall  f1-score   support

           0      0.579     0.504     0.539       843
           1      0.476     0.651     0.549       269
           2      0.954     0.806     0.873       180
           3      0.438     0.294     0.352       652
           4      0.348     0.304     0.325       766
           5      0.227     0.535     0.319       202
           6      0.894     0.604     0.721       502
           7      0.614     0.298     0.401       235
           8      0.646     0.869     0.741       306
           9      0.351     0.979     0.517       141

    accuracy                          0.502      4096
   macro avg      0.553     0.584     0.534      4096
weighted avg      0.543     0.502     0.502      4096

