fold: 1
scores: [0.1022781953215599, 0.9679999947547913]
scores with original testdata: [2.589970111846924, 0.740478515625]
f1_scores:
              precision    recall  f1-score   support

           0      0.966     0.907     0.936       875
           1      0.991     0.998     0.994       875
           2      0.978     0.994     0.986       875
           3      0.954     0.934     0.944       875
           4      0.923     0.929     0.926       875
           5      0.937     0.962     0.949       875
           6      0.969     0.987     0.978       875
           7      0.991     0.977     0.984       875
           8      0.983     0.994     0.989       875
           9      0.990     0.997     0.993       875

    accuracy                          0.968      8750
   macro avg      0.968     0.968     0.968      8750
weighted avg      0.968     0.968     0.968      8750

f1_scores with original testdata:
              precision    recall  f1-score   support

           0      0.706     0.753     0.729       843
           1      0.804     0.703     0.750       269
           2      0.756     0.844     0.798       180
           3      0.684     0.572     0.623       652
           4      0.695     0.829     0.756       766
           5      0.760     0.911     0.829       202
           6      0.980     0.578     0.727       502
           7      0.865     0.570     0.687       235
           8      0.936     0.997     0.965       306
           9      0.481     0.965     0.642       141

    accuracy                          0.740      4096
   macro avg      0.767     0.772     0.751      4096
weighted avg      0.764     0.740     0.739      4096

